%YAML:1.0
---
mat: !!opencv-matrix
   rows: 3
   cols: 3
   dt: d
   data: [ -2.2432812500000012e+00, -5.5500000000000016e+00,
       1.0378500000000004e+03, -7.1054273576010023e-16,
       -1.2000000000000004e+01, 2.2440000000000009e+03, 0.,
       -1.7343750000000005e-02, 1. ]
