%YAML:1.0
---
mat: !!opencv-matrix
   rows: 3
   cols: 3
   dt: d
   data: [ -1.0416139240506332e+00, -2.5822784810126582e+00,
       6.5331645569620264e+02, 3.5527136788005011e-16,
       -6.0759493670886080e+00, 1.5372151898734176e+03, 0.,
       -8.0696202531645566e-03, 1. ]
