%YAML:1.0
---
mat: !!opencv-matrix
   rows: 3
   cols: 3
   dt: d
   data: [ 0.82395342845190434, -0.34297250792945139, 219.20489886930946,
       0.70509330255237335, 1.1991824423448749, -138.81294927127448,
       3.1043863014356187e-05, 0.00041353684368949294, 1. ]
