%YAML:1.0
---
mat: !!opencv-matrix
   rows: 3
   cols: 3
   dt: d
   data: [ 7.9953124999999998e+00, 9.2500000000000000e+00,
       -2.2385000000000005e+03, 0., 30., -7260., 0.,
       2.8906250000000001e-02, 1. ]
