%YAML:1.0
---
mat: !!opencv-matrix
   rows: 3
   cols: 3
   dt: d
   data: [ 1.9661363636363631e+00, 1.3212121212121213e+00,
       -3.0916363636363644e+02, 0., 5.8181818181818183e+00,
       -1.3614545454545455e+03, -2.8809726770323503e-19,
       4.1287878787878785e-03, 1. ]
