%YAML:1.0
---
mat: !!opencv-matrix
   rows: 3
   cols: 3
   dt: d
   data: [ -1.0054347826086958e+00, -3.5652173913043481e+00,
       6.4173913043478262e+02, 3.5527136788005011e-16,
       -6.9565217391304355e+00, 1.2521739130434783e+03, 0.,
       -1.1141304347826087e-02, 1. ]
