%YAML:1.0
---
mat: !!opencv-matrix
   rows: 3
   cols: 3
   dt: d
   data: [ -1.4430490654205614e+00, -4.4672897196261694e+00,
       7.8177570093457973e+02, 3.5527136788005011e-16,
       -8.9719626168224327e+00, 1.5700934579439254e+03,
       5.6877313520126807e-19, -1.3960280373831780e-02, 1. ]
