%YAML:1.0
---
mat: !!opencv-matrix
   rows: 3
   cols: 3
   dt: d
   data: [ -6.3175000000000003e-01, -2.4399999999999995e+00,
       5.2215999999999997e+02, 0., -4.7999999999999998e+00,
       1.0272000000000000e+03, 0., -7.6249999999999998e-03, 1. ]
