%YAML:1.0
---
mat: !!opencv-matrix
   rows: 3
   cols: 3
   dt: d
   data: [ 7.8488281249999998e+00, 1.1125000000000000e+01,
       -2.1916250000000005e+03, 0., 30., -5910., 0.,
       3.4765625000000001e-02, 1. ]
