%YAML:1.0
---
mat: !!opencv-matrix
   rows: 3
   cols: 3
   dt: d
   data: [ -1.5110849056603775e+00, -4.4150943396226419e+00,
       8.0354716981132071e+02, 0., -9.0566037735849054e+00,
       1.6483018867924527e+03, 0., -1.3797169811320755e-02, 1. ]
