%YAML:1.0
---
mat: !!opencv-matrix
   rows: 3
   cols: 3
   dt: d
   data: [ -1.2806686046511628e+00, -3.4263565891472867e+00,
       7.2981395348837202e+02, 0., -7.4418604651162790e+00,
       1.5851162790697674e+03, 0., -1.0707364341085272e-02, 1. ]
