%YAML:1.0
---
mat: !!opencv-matrix
   rows: 3
   cols: 3
   dt: d
   data: [ 1.3947265625000000e+00, 1.3437500000000000e+00,
       -1.2631249999999996e+02, 0., 3.7500000000000000e+00,
       -3.5250000000000000e+02, 0., 4.1992187499999998e-03, 1. ]
