%YAML:1.0
---
mat: !!opencv-matrix
   rows: 3
   cols: 3
   dt: d
   data: [ -5.9382828316597429, -5.3814799992171096, 1949.3670277302144,
       -0.91991718512156817, -12.195214977950526, 2565.8468815400238,
       -0.0024626226181593499, -0.016926635481569533, 1. ]
