%YAML:1.0
---
mat: !!opencv-matrix
   rows: 3
   cols: 3
   dt: d
   data: [ 1.7879498116015482, -1.3262090500732215, 828.12926547454458,
       0.80912064265721628, 7.5854703745482261, -1442.5017505242483,
       -0.0017248376994363635, 0.010584410004771708, 1. ]
