%YAML:1.0
---
mat: !!opencv-matrix
   rows: 3
   cols: 3
   dt: d
   data: [ -2.4746621621621627e+00, -5.9459459459459483e+00,
       1.1118918918918923e+03, -7.1054273576010023e-16,
       -1.2972972972972975e+01, 2.4259459459459467e+03, 0.,
       -1.8581081081081086e-02, 1. ]
