%YAML:1.0
---
mat: !!opencv-matrix
   rows: 3
   cols: 3
   dt: d
   data: [ -5.9123214285714338e+00, -1.1828571428571438e+01,
       2.2119428571428589e+03, -1.4210854715202005e-15,
       -2.7428571428571452e+01, 5.1291428571428623e+03, 0.,
       -3.6964285714285741e-02, 1. ]
