%YAML:1.0
---
mat: !!opencv-matrix
   rows: 3
   cols: 3
   dt: d
   data: [ -2.3799999999999990e+00, -5.1999999999999975e+00,
       1.0815999999999997e+03, 0., -1.1999999999999993e+01,
       2.4959999999999986e+03, -6.7723604502134515e-19,
       -1.6249999999999990e-02, 1. ]
