%YAML:1.0
---
img_1_x: 357
img_1_y: 124
img_1_width: 300
img_1_height: 300
img_1_angle: 34
img_2_x: 500
img_2_y: 100
img_2_width: 300
img_2_height: 300
img_2_angle: 0
img_3_x: 645
img_3_y: 98
img_3_width: 300
img_3_height: 300
img_3_angle: -26
canvas_width: 1920
canvas_height: 1080
